# ID      logP       d     σ(d)  (m-M)0  σ(m-M)   MB       MV       MI       MJ       MH       MK       WVI      WJK   E(B-V)   Δφ
#SU-Cas   0.289884    418   12     8.10   0.06    -2.53    -2.97    -3.52    -3.82    -4.05    -4.08    -4.37    -4.25   0.259   0.000
#DT-Cyg   0.397804    621   30     8.97   0.11    -2.82    -3.32    -3.87    -4.25    -4.51    -4.54    -4.71    -4.75   0.040   0.030
#EV-Sct   0.490098   1766   82    11.24   0.10    -2.72    -3.21    -3.90    -4.19    -4.45    -4.46    -4.97    -4.64   0.655   0.045
#SZ-Tau   0.498166    558    6     8.73   0.02    -2.62    -3.16    -3.80    -4.18    -4.49    -4.53    -4.78    -4.77   0.295  -0.005
SS-Sct   0.564814   1000   33    10.00   0.07    -2.21    -2.83    -3.55    -3.92    -4.24    -4.27    -4.65    -4.51   0.325  -0.035
RT-Aur   0.571489    389    4     7.95   0.02    -2.16    -2.69    -3.30    -3.75    -4.01    -4.05    -4.23    -4.26   0.059   0.005
QZ-Nor   0.578244   1346   38    10.64   0.06    -2.00    -2.62     nan     -3.76    -4.07    -4.12     nan     -4.38   0.263   0.020
SU-Cyg   0.584952    909   21     9.79   0.05    -2.77    -3.24    -3.79    -4.17    -4.45    -4.50    -4.64    -4.73   0.098   0.000
BF-Oph   0.609329    708   10     9.25   0.03    -2.04    -2.67    -3.35    -3.77    -4.10    -4.16    -4.39    -4.43   0.235   0.030
Y-Lac    0.635863   2430   35    11.93   0.03    -2.97    -3.48    -4.08    -4.43    -4.74    -4.79    -4.99    -5.04   0.217  -0.005
T-Vul    0.646934    543    5     8.67   0.02    -2.54    -3.12    -3.74    -4.13    -4.44    -4.50    -4.70    -4.75   0.060   0.020
FF-Aql   0.650390    369   11     7.84   0.06    -2.54    -3.10    -3.72    -4.10    -4.38    -4.42    -4.68    -4.63   0.196  -0.030
T-Vel    0.666501   1002   11    10.00   0.02    -2.28    -2.91     nan     -4.05    -4.40    -4.47     nan     -4.76   0.289   0.000
VZ-Cyg   0.687034   1897   35    11.39   0.04    -2.68    -3.29    -3.98    -4.36    -4.68    -4.74    -5.04    -5.01   0.266   0.035
V350-Sgr 0.712165    990   23     9.98   0.05    -2.86    -3.47    -4.15    -4.55    -4.89    -4.93    -5.20    -5.19   0.299   0.000
BG-Lac   0.726883   1776   26    11.25   0.03    -2.68    -3.33    -4.05    -4.42    -4.76    -4.82    -5.16    -5.09   0.300   0.005
δ-Cep    0.729678    267    5     7.13   0.04    -2.83    -3.41    -4.07    -4.45    -4.78    -4.84    -5.08    -5.11   0.072   0.000
CV-Mon   0.730685   1547   24    10.95   0.03    -2.40    -2.97    -3.75    -4.22    -4.58    -4.65    -4.94    -4.94   0.722   0.020
X-Lac    0.735997   1852   38    11.34   0.04    -3.45    -4.02    -4.68    -5.05    -5.38    -5.42    -5.70    -5.68   0.336   0.040
V-Cen    0.739882    643   20     9.04   0.07    -2.58    -3.16    -3.82    -4.25    -4.58    -4.65    -4.85    -4.93   0.294   0.000
Y-Sgr    0.761428    437   15     8.20   0.07    -2.40    -3.07    -3.78    -4.25    -4.61    -4.67    -4.87    -4.95   0.188  -0.030
CS-Vel   0.771201   3184  108    12.52   0.07    -2.59    -3.19     nan     -4.37    -4.71    -4.78     nan     -5.07   0.737   0.015
FM-Aql   0.786342   1182   28    10.36   0.05    -3.31    -4.00    -4.80    -5.12    -5.47    -5.52    -6.05    -5.79   0.589  -0.010
XX-Sgr   0.807815   1042   42    10.09   0.09    -2.33    -2.92    -3.65    -4.11    -4.44    -4.47    -4.77    -4.73   0.521  -0.025
BB-Sgr   0.821971    868   13     9.69   0.03    -2.96    -3.66    -4.42    -4.86    -5.22    -5.29    -5.60    -5.59   0.281   0.000
V-Car    0.825860    869   16     9.69   0.04    -2.16    -2.86     nan     -4.04    -4.40    -4.47     nan     -4.77   0.166   0.000
U-Sgr    0.828997    579    6     8.81   0.02    -2.73    -3.42    -4.18    -4.61    -4.96    -5.02    -5.34    -5.30   0.402   0.000
V496-Aql 0.832958    829   26     9.59   0.07    -2.37    -3.12     nan     -4.32    -4.68    -4.70     nan     -4.96   0.397  -0.055
#X-Sgr    0.845893    322    5     7.54   0.04    -3.23    -3.74    -4.35    -4.75    -5.06    -5.11    -5.28    -5.36   0.237   0.000
U-Aql    0.846591    592   19     8.86   0.07    -2.91    -3.58    -4.31    -4.72    -5.06    -5.11    -5.44    -5.38   0.360   0.015
η-Aql    0.855930    255    4     7.03   0.09    -2.89    -3.55    -4.27    -4.70    -5.04    -5.10    -5.38    -5.38   0.129   0.000
#W-Sgr    0.880529    217   16     6.68   0.16    -1.73    -2.37    -3.03    -3.47    -3.80    -3.88    -4.05    -4.17   0.108   0.040
U-Vul    0.902584    658   12     9.09   0.04    -3.22    -3.92    -4.73    -5.03    -5.34    -5.37    -6.00    -5.60   0.603   0.005
S-Sge    0.923352    671   16     9.13   0.05    -3.13    -3.84    -4.55    -5.00    -5.34    -5.41    -5.66    -5.70   0.099   0.000
GH-Lup   0.967448   1307   23    10.58   0.04    -3.21    -4.07    -4.90    -5.42    -5.82    -5.90    -6.18    -6.23   0.347  -0.040
FN-Aql   0.976878   1175   20    10.35   0.04    -2.81    -3.53    -4.36    -4.75    -5.12    -5.17    -5.63    -5.46   0.486  -0.030
YZ-Sgr   0.980171   1137   13    10.28   0.03    -3.10    -3.84     nan     -5.07    -5.44    -5.49     nan     -5.77   0.281  -0.010
S-Mus    0.984980    858   17     9.67   0.04    -3.30    -3.98     nan     -5.25    -5.62    -5.71     nan     -6.02   0.140   0.010
S-Nor    0.989194    950   11     9.89   0.02    -3.27    -4.04    -4.81    -5.33    -5.72    -5.79    -6.01    -6.12   0.179   0.000
β-Dor    0.993131    327    5     7.57   0.03    -3.25    -4.00    -4.73    -5.18    -5.57    -5.63    -5.85    -5.94   0.051   0.000
ζ-Gem    1.006497    386    9     7.93   0.05    -3.29    -4.13     nan     -5.33    -5.74    -5.81     nan     -6.13   0.014   0.050
TW-Nor   1.032868   2190  105    11.70   0.10    -2.96    -3.74     nan     -5.29    -5.68    -5.76     nan     -6.08   1.157   0.015
Z-Lac    1.036854   1879   42    11.37   0.05    -3.42    -4.15    -4.95    -5.37    -5.76    -5.82    -6.18    -6.13   0.370   0.000
XX-Cen   1.039548   1586   19    11.00   0.03    -3.35    -4.06    -4.80    -5.26    -5.63    -5.70    -5.94    -6.00   0.271  -0.030
V340-Nor 1.052579   1738   80    11.20   0.10     nan     -3.87      nan    -5.23    -5.66    -5.74     nan     -6.08   0.322  -0.035
UU-Mus   1.065819   3146  132    12.49   0.09    -3.26    -4.00    -4.79    -5.34    -5.74    -5.82    -6.02    -6.14   0.404   0.005
U-Nor    1.101875   1289   39    10.55   0.07    -3.34    -4.08    -4.88    -5.43    -5.82    -5.89    -6.13    -6.21   0.857   0.000
SU-Cru   1.108822   1274   87    10.53   0.15    -3.04    -3.80     nan     -5.41    -6.05    -6.15     nan     -6.66   0.952   0.010
BN-Pup   1.135867   3817   82    12.91   0.05    -3.60    -4.37    -5.17    -5.67    -6.08    -6.15    -6.41    -6.48   0.416   0.020
TT-Aql   1.138459    968   15     9.93   0.03    -3.33    -4.20    -5.11    -5.57    -5.98    -6.04    -6.51    -6.36   0.435   0.005
LS-Pup   1.150646   4819  113    13.41   0.05    -3.69    -4.46    -5.25    -5.76    -6.17    -6.23    -6.47    -6.56   0.462  -0.030
VW-Cen   1.177138   3417   68    12.67   0.04    -2.94    -3.84    -4.76    -5.43    -5.91    -6.01    -6.19    -6.42   0.439   0.000
X-Cyg    1.214482   1127    8    10.26   0.02    -3.69    -4.62    -5.48    -6.00    -6.43    -6.53    -6.82    -6.89   0.228   0.000
CD-Cyg   1.232334   2427   45    11.93   0.04    -3.79    -4.57    -5.45    -5.93    -6.33    -6.40    -6.80    -6.72   0.493   0.000
Y-Oph    1.233609    548    6     8.70   0.03    -3.90    -4.62    -5.44    -5.87    -6.21    -6.26    -6.71    -6.53   0.647   0.020
SZ-Aql   1.234029   2138   28    11.65   0.03    -3.88    -4.74    -5.68    -6.20    -6.62    -6.70    -7.13    -7.05   0.534   0.020
CT-Car   1.256661  10422  224    15.09   0.05    -5.32    -4.71    -5.28    -6.16    -6.63    -6.74    -6.17    -7.14   0.570   0.000
VY-Car   1.276818   1728   21    11.19   0.03    -3.57    -4.51    -5.38    -5.95    -6.38    -6.47    -6.74    -6.83   0.242   0.005
RU-Sct   1.294480   1895   40    11.39   0.04    -4.12    -4.85    -5.81    -6.47    -6.61    -6.66    -7.29    -6.79   0.911  -0.010
RY-Sco   1.307927   1128   16    10.26   0.03    -3.84    -4.56    -5.42    -5.94    -6.32    -6.39    -6.74    -6.70   0.718   0.000
RZ-Vel   1.309564   1370   14    10.68   0.02    -3.74    -4.57    -5.41    -5.99    -6.40    -6.49    -6.71    -6.83   0.300   0.005
WZ-Sgr   1.339443   1774   35    11.24   0.04    -3.66    -4.62    -5.60    -6.25    -6.74    -6.84    -7.12    -7.25   0.435  -0.015
WZ-Car   1.361977   3538  108    12.74   0.07    -3.89    -4.68    -5.51    -6.09    -6.50    -6.58    -6.79    -6.92   0.372   0.000
VZ-Pup   1.364945   4591   37    13.31   0.02    -4.45    -5.15    -5.91    -6.37    -6.75    -6.80    -7.07    -7.09   0.455  -0.075
SW-Vel   1.370016   2554   34    12.04   0.03    -4.21    -5.02    -5.87    -6.43    -6.85    -6.94    -7.18    -7.29   0.344  -0.020
X-Pup    1.414321   2720   24    12.17   0.02    -4.26    -5.03    -5.90    -6.39    -6.82    -6.88    -7.24    -7.22   0.421  -0.105
T-Mon    1.431915   1309   19    10.59   0.03    -4.04    -5.04     nan     -6.57    -7.04    -7.13     nan     -7.52   0.179   0.000
RY-Vel   1.449158   2336   36    11.84   0.03    -4.40    -5.23    -6.08    -6.66    -7.04    -7.12    -7.38    -7.44   0.545   0.000
KQ-Sco   1.457818   2796   93    12.23   0.07    -4.16    -5.23    -6.28    -7.03    -7.52    -7.61    -7.91    -8.02   0.869  -0.015
AQ-Pup   1.478624   3210   55    12.53   0.04    -4.65    -5.51    -6.42    -6.92    -7.35    -7.44    -7.82    -7.80   0.518  -0.245
KN-Cen   1.531857   3586   78    12.77   0.05    -4.65    -5.47    -6.33    -7.00    -7.48    -7.58    -7.66    -7.98   0.791   0.005
ℓ-Car    1.550816    518    5     8.57   0.02    -4.18    -5.32    -6.30    -6.94    -7.45    -7.53    -7.83    -7.94   0.146  -0.015
U-Car    1.588970   1407   17    10.74   0.03    -4.39    -5.30    -6.20    -6.80    -7.23    -7.32    -7.59    -7.68   0.263  -0.025
RS-Pup   1.617420   1810   30    11.29   0.04    -4.78    -5.76    -6.70    -7.28    -7.73    -7.82    -8.15    -8.19   0.457   0.035
SV-Vul   1.652569   1895   15    11.39   0.02    -4.64    -5.67    -6.63    -7.16    -7.57    -7.62    -8.11    -7.93   0.462   0.000
GY-Sge   1.708102   2869   34    12.29   0.03    -5.39    -6.36     nan     -7.80    -8.17    -8.19     nan     -8.46   1.310  -0.025
S-Vul    1.837426   3762   59    12.88   0.03    -5.36    -6.46     nan     -8.08    -8.51    -8.57     nan     -8.91   0.787   0.050
